3 64 28 227 50 25 0 3
3 64 29 227 74 75 76 3
3 64 29 228 82 84 85 3
3 64 29 229 81 83 84 3
3 65 26 226 50 25 0 3
3 65 26 227 50 25 0 3
3 65 26 228 50 25 0 3
3 65 26 229 50 25 0 3
3 65 27 226 50 25 0 3
3 65 27 227 50 25 0 3
3 65 27 228 50 25 0 3
3 65 27 229 50 25 0 3
3 65 27 230 50 25 0 3
3 65 27 231 50 25 0 3
3 65 28 225 50 25 0 3
3 65 28 226 50 25 0 3
3 65 28 227 50 25 0 3
3 65 28 228 50 25 0 3
3 65 28 230 50 25 0 3
3 65 29 224 65 66 65 3
3 65 29 225 65 66 65 3
3 65 29 226 65 66 65 3
3 65 29 227 65 66 65 3
3 65 29 228 65 66 65 3
3 65 29 229 65 66 65 3
3 65 29 230 65 66 65 3
3 66 24 227 50 25 0 3
3 66 25 226 50 25 0 3
3 66 25 227 50 25 0 3
3 66 25 228 50 25 0 3
3 66 25 229 50 25 0 3
3 66 25 230 50 25 0 3
3 66 25 231 50 25 0 3
3 66 26 225 50 25 0 3
3 66 26 226 50 25 0 3
3 66 26 227 50 25 0 2
3 66 26 228 50 25 0 2
3 66 26 229 50 25 0 2
3 66 26 230 50 25 0 2
3 66 26 232 50 25 0 3
3 66 27 223 50 25 0 3
3 66 27 224 50 25 0 3
3 66 27 225 50 25 0 3
3 66 27 226 50 25 0 3
3 66 27 227 50 25 0 2
3 66 27 228 50 25 0 2
3 66 27 229 50 25 0 2
3 66 27 230 50 25 0 2
3 66 27 231 50 25 0 2
3 66 27 233 50 25 0 3
3 66 28 223 62 69 73 3
3 66 28 224 62 69 73 3
3 66 28 225 62 69 73 3
3 66 28 226 62 69 73 2
3 66 28 227 62 69 73 1
3 66 28 228 62 69 73 2
3 66 28 229 68 75 79 2
3 66 28 230 62 69 73 1
3 66 28 231 62 69 73 2
3 66 28 232 62 69 73 2
3 66 28 233 62 69 73 3
3 67 24 226 50 25 0 3
3 67 24 227 50 25 0 3
3 67 24 228 50 25 0 3
3 67 24 229 50 25 0 3
3 67 24 231 50 25 0 3
3 67 25 224 50 25 0 3
3 67 25 225 50 25 0 3
3 67 25 226 50 25 0 3
3 67 25 227 50 25 0 2
3 67 25 228 50 25 0 2
3 67 25 229 50 25 0 2
3 67 25 230 50 25 0 2
3 67 25 231 50 25 0 3
3 67 25 232 50 25 0 3
3 67 26 223 50 25 0 3
3 67 26 224 50 25 0 3
3 67 26 225 50 25 0 2
3 67 26 226 50 25 0 2
3 67 26 227 50 25 0 1
3 67 26 228 50 25 0 1
3 67 26 229 50 25 0 2
3 67 26 230 50 25 0 2
3 67 26 231 50 25 0 2
3 67 26 232 50 25 0 3
3 67 26 233 50 25 0 3
3 67 27 223 50 25 0 3
3 67 27 224 50 25 0 3
3 67 27 225 50 25 0 2
3 67 27 226 50 25 0 1
3 67 27 227 50 25 0 1
3 67 27 228 50 25 0 2
0 67 27 229 
3 67 27 230 50 25 0 1
3 67 27 231 50 25 0 1
3 67 27 232 50 25 0 3
3 67 27 233 50 25 0 3
3 67 28 222 187 154 17 3
3 67 28 223 187 154 17 3
3 67 28 224 187 154 17 3
3 67 28 225 187 154 17 2
3 67 28 226 187 154 17 2
3 67 28 227 187 154 17 1
3 67 28 228 187 154 17 1
3 67 28 229 187 154 17 1
3 67 28 230 187 154 17 1
3 67 28 231 187 154 17 1
3 67 28 232 187 154 17 2
3 68 23 225 50 25 0 3
3 68 23 226 50 25 0 3
3 68 23 227 50 25 0 3
3 68 23 228 50 25 0 3
3 68 23 229 50 25 0 3
3 68 23 230 50 25 0 3
3 68 24 225 50 25 0 3
3 68 24 226 50 25 0 2
3 68 24 227 50 25 0 2
3 68 24 228 50 25 0 3
3 68 24 229 50 25 0 3
3 68 24 230 50 25 0 3
3 68 24 231 50 25 0 3
3 68 25 223 50 25 0 3
3 68 25 224 50 25 0 2
3 68 25 225 50 25 0 2
3 68 25 226 50 25 0 3
3 68 25 227 50 25 0 1
3 68 25 228 50 25 0 2
3 68 25 229 50 25 0 2
3 68 25 230 50 25 0 2
3 68 25 231 50 25 0 2
3 68 25 232 50 25 0 3
3 68 26 222 50 25 0 3
3 68 26 223 50 25 0 3
3 68 26 224 50 25 0 2
3 68 26 225 50 25 0 2
3 68 26 226 50 25 0 1
3 68 26 227 50 25 0 1
3 68 26 228 50 25 0 1
3 68 26 229 50 25 0 1
3 68 26 230 50 25 0 1
3 68 26 231 50 25 0 2
3 68 26 232 50 25 0 2
3 68 26 233 50 25 0 3
3 68 27 222 50 25 0 3
3 68 27 223 50 25 0 2
3 68 27 224 50 25 0 3
3 68 27 225 50 25 0 1
3 68 27 226 50 25 0 2
0 68 27 227 
0 68 27 228 
0 68 27 229 
3 68 27 230 50 25 0 1
3 68 27 231 50 25 0 1
3 68 27 232 50 25 0 1
3 68 27 233 50 25 0 3
3 68 27 234 50 25 0 3
3 68 28 221 76 83 87 3
3 68 28 222 76 83 87 3
3 68 28 223 76 83 87 2
3 68 28 224 76 83 87 2
3 68 28 225 76 83 87 1
0 68 28 226 
0 68 28 227 
0 68 28 228 
0 68 28 229 
0 68 28 230 
0 68 28 231 
3 68 28 232 70 77 81 1
3 68 28 233 70 77 81 2
3 68 28 234 203 169 19 3
3 69 23 224 50 25 0 3
3 69 23 225 50 25 0 3
3 69 23 226 50 25 0 3
3 69 23 227 50 25 0 3
3 69 23 228 50 25 0 3
3 69 23 229 50 25 0 3
3 69 23 230 50 25 0 3
3 69 23 231 50 25 0 3
3 69 24 223 50 25 0 3
3 69 24 224 50 25 0 3
3 69 24 225 50 25 0 2
3 69 24 226 50 25 0 2
3 69 24 227 50 25 0 2
3 69 24 228 50 25 0 2
3 69 24 229 50 25 0 2
3 69 24 230 50 25 0 3
3 69 24 231 50 25 0 3
3 69 24 232 50 25 0 3
3 69 25 222 50 25 0 3
3 69 25 223 50 25 0 3
3 69 25 224 50 25 0 2
3 69 25 225 50 25 0 1
3 69 25 226 50 25 0 2
3 69 25 227 50 25 0 2
3 69 25 228 50 25 0 1
3 69 25 229 50 25 0 1
3 69 25 230 50 25 0 1
3 69 25 231 50 25 0 2
3 69 25 232 50 25 0 2
3 69 25 233 50 25 0 3
3 69 26 221 50 25 0 3
3 69 26 222 50 25 0 3
3 69 26 223 50 25 0 3
3 69 26 224 50 25 0 1
0 69 26 225 
3 69 26 226 50 25 0 2
0 69 26 227 
0 69 26 228 
3 69 26 229 50 25 0 1
0 69 26 230 
3 69 26 231 50 25 0 1
3 69 26 232 50 25 0 2
3 69 26 233 50 25 0 2
3 69 26 234 50 25 0 3
3 69 27 221 50 25 0 3
3 69 27 222 50 25 0 3
3 69 27 223 50 25 0 2
3 69 27 224 50 25 0 1
0 69 27 225 
0 69 27 226 
0 69 27 227 
0 69 27 228 
0 69 27 229 
0 69 27 230 
3 69 27 231 50 25 0 1
3 69 27 232 50 25 0 2
3 69 27 233 50 25 0 3
3 69 27 234 50 25 0 3
3 69 28 221 217 182 20 3
3 69 28 222 216 181 20 2
3 69 28 223 215 181 20 2
0 69 28 224 
0 69 28 225 
0 69 28 226 
0 69 28 227 
0 69 28 228 
0 69 28 229 
0 69 28 230 
0 69 28 231 
0 69 28 232 
3 69 28 233 201 169 19 2
3 69 28 234 217 182 20 3
3 70 22 225 50 25 0 3
3 70 23 224 50 25 0 3
3 70 23 225 50 25 0 3
3 70 23 226 50 25 0 2
3 70 23 227 50 25 0 3
3 70 23 228 50 25 0 3
3 70 23 229 50 25 0 3
3 70 23 230 50 25 0 3
3 70 24 223 50 25 0 3
3 70 24 224 50 25 0 3
3 70 24 225 50 25 0 2
3 70 24 226 50 25 0 2
3 70 24 227 50 25 0 1
3 70 24 228 50 25 0 2
3 70 24 229 50 25 0 1
3 70 24 230 50 25 0 2
3 70 24 231 50 25 0 3
3 70 24 232 50 25 0 3
3 70 25 221 50 25 0 3
3 70 25 222 50 25 0 3
3 70 25 223 50 25 0 2
3 70 25 224 50 25 0 2
3 70 25 225 50 25 0 2
3 70 25 226 50 25 0 2
0 70 25 227 
3 70 25 228 50 25 0 1
3 70 25 229 50 25 0 1
3 70 25 230 50 25 0 1
3 70 25 231 50 25 0 2
3 70 25 232 50 25 0 2
3 70 25 233 50 25 0 3
3 70 26 221 50 25 0 3
3 70 26 222 50 25 0 2
3 70 26 223 50 25 0 2
3 70 26 224 50 25 0 2
0 70 26 225 
0 70 26 226 
0 70 26 228 
3 70 26 229 50 25 0 1
0 70 26 230 
3 70 26 231 50 25 0 2
3 70 26 232 50 25 0 2
3 70 26 233 50 25 0 3
3 70 26 234 50 25 0 3
3 70 27 221 50 25 0 3
3 70 27 222 50 25 0 2
3 70 27 223 50 25 0 1
0 70 27 224 
0 70 27 225 
0 70 27 226 
0 70 27 227 
0 70 27 228 
0 70 27 229 
0 70 27 230 
0 70 27 231 
3 70 27 232 50 25 0 1
3 70 27 233 50 25 0 2
3 70 27 234 50 25 0 3
3 70 28 220 75 82 85 3
3 70 28 221 74 81 85 3
3 70 28 222 71 78 82 2
3 70 28 223 82 89 93 1
0 70 28 224 
0 70 28 225 
0 70 28 226 
0 70 28 227 
0 70 28 228 
0 70 28 229 
0 70 28 230 
0 70 28 231 
0 70 28 232 
3 70 28 233 70 77 81 1
3 70 28 234 70 77 81 3
3 71 22 226 50 25 0 3
3 71 22 227 50 25 0 3
3 71 22 228 50 25 0 3
3 71 23 223 50 25 0 3
3 71 23 224 50 25 0 3
3 71 23 225 50 25 0 2
3 71 23 226 50 25 0 2
3 71 23 227 50 25 0 3
3 71 23 228 50 25 0 3
3 71 23 229 50 25 0 2
3 71 23 230 50 25 0 3
3 71 23 231 50 25 0 3
3 71 24 223 50 25 0 3
3 71 24 224 50 25 0 2
3 71 24 225 50 25 0 2
3 71 24 226 50 25 0 3
0 71 24 227 
3 71 24 228 50 25 0 1
3 71 24 229 50 25 0 2
3 71 24 230 50 25 0 1
3 71 24 231 50 25 0 2
3 71 24 232 50 25 0 3
3 71 24 233 50 25 0 3
3 71 25 221 50 25 0 3
3 71 25 222 50 25 0 3
3 71 25 223 50 25 0 2
3 71 25 224 50 25 0 1
3 71 25 225 50 25 0 2
0 71 25 226 
3 71 25 227 50 25 0 1
3 71 25 228 50 25 0 1
0 71 25 229 
3 71 25 230 50 25 0 1
3 71 25 231 50 25 0 2
3 71 25 232 50 25 0 3
3 71 25 233 50 25 0 3
3 71 26 221 50 25 0 3
3 71 26 222 50 25 0 2
3 71 26 223 50 25 0 2
0 71 26 224 
0 71 26 225 
0 71 26 226 
0 71 26 227 
0 71 26 228 
0 71 26 229 
0 71 26 230 
3 71 26 231 50 25 0 1
3 71 26 232 50 25 0 1
3 71 26 233 50 25 0 2
3 71 26 234 50 25 0 3
3 71 27 220 50 25 0 3
3 71 27 221 50 25 0 2
3 71 27 222 50 25 0 1
3 71 27 223 50 25 0 2
3 71 27 224 50 25 0 1
0 71 27 225 
0 71 27 226 
0 71 27 227 
0 71 27 228 
0 71 27 229 
0 71 27 230 
0 71 27 231 
3 71 27 232 50 25 0 2
3 71 27 233 50 25 0 2
3 71 27 234 50 25 0 3
3 71 28 221 75 83 86 3
3 71 28 222 78 86 89 2
3 71 28 223 83 91 94 1
0 71 28 224 
0 71 28 225 
0 71 28 226 
0 71 28 227 
0 71 28 228 
0 71 28 229 
0 71 28 230 
0 71 28 231 
3 71 28 232 74 82 85 1
3 71 28 233 70 77 80 1
3 71 28 234 70 77 80 2
3 71 28 235 70 78 81 3
3 72 22 226 50 25 0 3
3 72 22 229 50 25 0 3
3 72 23 223 50 25 0 3
3 72 23 224 50 25 0 3
3 72 23 225 50 25 0 3
3 72 23 226 50 25 0 3
3 72 23 227 50 25 0 3
3 72 23 228 50 25 0 2
3 72 23 229 50 25 0 3
3 72 23 230 50 25 0 3
3 72 24 222 50 25 0 3
3 72 24 223 50 25 0 2
3 72 24 224 50 25 0 2
3 72 24 225 50 25 0 2
3 72 24 226 50 25 0 1
3 72 24 227 50 25 0 2
3 72 24 228 50 25 0 2
3 72 24 229 50 25 0 2
3 72 24 230 50 25 0 2
3 72 24 231 50 25 0 3
3 72 24 232 50 25 0 3
3 72 24 233 50 25 0 3
3 72 25 221 50 25 0 3
3 72 25 222 50 25 0 2
3 72 25 223 50 25 0 2
3 72 25 224 50 25 0 1
3 72 25 225 50 25 0 1
3 72 25 226 50 25 0 1
0 72 25 227 
0 72 25 228 
3 72 25 229 50 25 0 2
3 72 25 230 50 25 0 1
3 72 25 231 50 25 0 2
3 72 25 232 50 25 0 2
3 72 25 233 50 25 0 3
3 72 26 220 50 25 0 3
3 72 26 221 50 25 0 3
3 72 26 222 50 25 0 2
3 72 26 223 50 25 0 2
3 72 26 224 50 25 0 2
0 72 26 225 
0 72 26 226 
0 72 26 227 
0 72 26 228 
0 72 26 229 
0 72 26 230 
3 72 26 231 50 25 0 1
3 72 26 232 50 25 0 2
3 72 26 233 50 25 0 2
3 72 26 234 50 25 0 3
3 72 27 220 50 25 0 3
3 72 27 221 50 25 0 3
3 72 27 222 50 25 0 1
3 72 27 223 50 25 0 1
3 72 27 224 50 25 0 1
0 72 27 225 
0 72 27 226 
0 72 27 227 
0 72 27 228 
0 72 27 229 
0 72 27 230 
0 72 27 231 
3 72 27 232 50 25 0 1
3 72 27 233 50 25 0 2
3 72 27 234 50 25 0 3
3 72 28 220 84 92 96 3
3 72 28 221 84 92 96 2
3 72 28 222 84 92 96 2
3 72 28 223 84 92 96 1
0 72 28 224 
0 72 28 225 
0 72 28 226 
0 72 28 227 
0 72 28 228 
0 72 28 229 
0 72 28 230 
0 72 28 231 
3 72 28 232 78 86 90 1
3 72 28 233 79 87 91 2
3 72 28 234 81 89 93 3
3 73 22 226 50 25 0 3
3 73 22 227 50 25 0 3
3 73 22 228 50 25 0 3
3 73 22 229 50 25 0 3
3 73 22 230 50 25 0 3
3 73 23 223 50 25 0 3
3 73 23 224 50 25 0 3
3 73 23 225 50 25 0 2
3 73 23 226 50 25 0 2
3 73 23 227 50 25 0 2
3 73 23 228 50 25 0 2
3 73 23 229 50 25 0 3
3 73 23 230 50 25 0 3
3 73 23 231 50 25 0 3
3 73 24 222 50 25 0 3
3 73 24 223 50 25 0 3
3 73 24 224 50 25 0 2
3 73 24 225 50 25 0 2
3 73 24 226 50 25 0 1
3 73 24 227 50 25 0 2
3 73 24 228 50 25 0 2
3 73 24 229 50 25 0 1
3 73 24 230 50 25 0 2
3 73 24 231 50 25 0 3
3 73 24 232 50 25 0 3
3 73 25 221 50 25 0 3
3 73 25 222 50 25 0 3
3 73 25 223 50 25 0 2
3 73 25 224 50 25 0 1
3 73 25 225 50 25 0 1
0 73 25 226 
3 73 25 227 50 25 0 1
3 73 25 228 50 25 0 1
0 73 25 229 
3 73 25 230 50 25 0 2
3 73 25 231 50 25 0 2
3 73 25 232 50 25 0 2
3 73 25 233 50 25 0 3
3 73 26 221 50 25 0 3
3 73 26 222 50 25 0 3
3 73 26 223 50 25 0 2
3 73 26 224 50 25 0 1
0 73 26 225 
0 73 26 226 
0 73 26 227 
0 73 26 228 
0 73 26 229 
3 73 26 230 50 25 0 1
3 73 26 231 50 25 0 2
3 73 26 232 50 25 0 2
3 73 26 233 50 25 0 3
3 73 26 234 50 25 0 3
3 73 27 220 50 25 0 3
3 73 27 221 50 25 0 3
3 73 27 222 50 25 0 2
3 73 27 223 50 25 0 1
0 73 27 224 
0 73 27 225 
0 73 27 226 
0 73 27 227 
0 73 27 228 
0 73 27 229 
0 73 27 230 
3 73 27 231 50 25 0 1
3 73 27 232 50 25 0 1
3 73 27 233 50 25 0 3
3 73 27 234 50 25 0 3
3 73 28 220 83 90 94 3
3 73 28 221 83 90 94 2
3 73 28 222 83 90 94 1
3 73 28 223 82 89 93 1
0 73 28 224 
0 73 28 225 
0 73 28 226 
0 73 28 227 
0 73 28 228 
0 73 28 229 
0 73 28 230 
0 73 28 231 
3 73 28 232 83 90 94 2
3 73 28 233 83 90 94 2
3 73 28 234 88 95 99 3
3 74 22 225 50 25 0 3
3 74 22 227 50 25 0 3
3 74 23 223 50 25 0 3
3 74 23 224 50 25 0 3
3 74 23 225 50 25 0 2
3 74 23 226 50 25 0 3
3 74 23 227 50 25 0 3
3 74 23 228 50 25 0 3
3 74 23 229 50 25 0 2
3 74 23 230 50 25 0 3
3 74 24 222 50 25 0 3
3 74 24 223 50 25 0 3
3 74 24 224 50 25 0 3
3 74 24 225 50 25 0 2
3 74 24 226 50 25 0 2
3 74 24 227 50 25 0 1
3 74 24 228 50 25 0 2
3 74 24 229 50 25 0 3
3 74 24 230 50 25 0 3
3 74 24 231 50 25 0 2
3 74 25 222 50 25 0 3
3 74 25 223 50 25 0 3
3 74 25 224 50 25 0 1
3 74 25 225 50 25 0 2
3 74 25 226 50 25 0 2
0 74 25 227 
0 74 25 228 
0 74 25 229 
3 74 25 230 50 25 0 2
3 74 25 231 50 25 0 2
3 74 25 232 50 25 0 3
3 74 25 233 50 25 0 3
3 74 26 221 50 25 0 3
3 74 26 222 50 25 0 3
3 74 26 223 50 25 0 2
3 74 26 224 50 25 0 2
0 74 26 225 
0 74 26 226 
0 74 26 227 
0 74 26 228 
0 74 26 229 
3 74 26 230 50 25 0 1
3 74 26 231 50 25 0 1
3 74 26 232 50 25 0 2
3 74 26 233 50 25 0 3
3 74 27 220 50 25 0 3
3 74 27 221 50 25 0 3
3 74 27 222 50 25 0 1
3 74 27 223 50 25 0 1
3 74 27 224 50 25 0 1
3 74 27 225 50 25 0 1
0 74 27 226 
0 74 27 227 
0 74 27 228 
3 74 27 229 50 25 0 1
3 74 27 230 50 25 0 1
3 74 27 231 50 25 0 2
3 74 27 232 50 25 0 2
3 74 27 233 50 25 0 3
3 74 28 220 73 80 84 3
3 74 28 221 73 81 84 3
3 74 28 222 76 84 87 2
3 74 28 223 78 86 90 1
0 74 28 224 
0 74 28 225 
0 74 28 226 
0 74 28 227 
0 74 28 228 
0 74 28 229 
0 74 28 230 
0 74 28 231 
3 74 28 232 73 81 85 2
3 74 28 233 71 79 82 3
3 74 28 234 73 81 85 3
3 75 22 227 50 25 0 3
3 75 23 225 50 25 0 3
3 75 23 226 50 25 0 3
3 75 23 227 50 25 0 3
3 75 23 228 50 25 0 3
3 75 23 229 50 25 0 3
3 75 24 224 50 25 0 3
3 75 24 225 50 25 0 2
3 75 24 226 50 25 0 2
3 75 24 227 50 25 0 2
3 75 24 228 50 25 0 3
3 75 24 229 50 25 0 3
3 75 24 230 50 25 0 2
3 75 25 222 50 25 0 3
3 75 25 223 50 25 0 3
3 75 25 224 50 25 0 3
3 75 25 225 50 25 0 2
3 75 25 226 50 25 0 2
3 75 25 227 50 25 0 1
3 75 25 228 50 25 0 1
3 75 25 229 50 25 0 2
3 75 25 230 50 25 0 1
3 75 25 231 50 25 0 3
3 75 25 232 50 25 0 3
3 75 26 221 50 25 0 3
3 75 26 222 50 25 0 2
3 75 26 223 50 25 0 2
3 75 26 224 50 25 0 2
0 75 26 225 
3 75 26 226 50 25 0 1
3 75 26 227 50 25 0 1
3 75 26 228 50 25 0 1
3 75 26 229 50 25 0 2
3 75 26 230 50 25 0 2
3 75 26 231 50 25 0 2
3 75 26 232 50 25 0 3
3 75 26 233 50 25 0 3
3 75 27 221 50 25 0 3
3 75 27 222 50 25 0 3
3 75 27 223 50 25 0 2
0 75 27 224 
3 75 27 225 50 25 0 1
3 75 27 226 50 25 0 1
3 75 27 227 50 25 0 1
0 75 27 228 
3 75 27 229 50 25 0 1
3 75 27 230 50 25 0 1
3 75 27 231 50 25 0 2
3 75 27 232 50 25 0 2
3 75 27 233 50 25 0 3
3 75 28 222 80 88 92 2
3 75 28 223 83 91 95 2
0 75 28 224 
3 75 28 225 82 89 93 1
0 75 28 226 
0 75 28 227 
0 75 28 229 
0 75 28 230 
3 75 28 231 74 82 86 2
3 75 28 232 74 82 86 2
3 75 28 233 73 81 85 3
3 76 23 225 50 25 0 3
3 76 23 226 50 25 0 3
3 76 23 227 50 25 0 3
3 76 23 228 50 25 0 3
3 76 24 223 50 25 0 3
3 76 24 224 50 25 0 3
3 76 24 225 50 25 0 3
3 76 24 226 50 25 0 3
3 76 24 227 50 25 0 3
3 76 24 228 50 25 0 3
3 76 24 229 50 25 0 3
3 76 24 230 50 25 0 3
3 76 24 231 50 25 0 3
3 76 25 223 50 25 0 3
3 76 25 224 50 25 0 3
3 76 25 225 50 25 0 2
3 76 25 226 50 25 0 2
3 76 25 227 50 25 0 2
3 76 25 228 50 25 0 3
3 76 25 229 50 25 0 3
3 76 25 230 50 25 0 2
3 76 25 231 50 25 0 3
3 76 26 222 50 25 0 3
3 76 26 223 50 25 0 3
3 76 26 224 50 25 0 2
3 76 26 225 50 25 0 1
3 76 26 226 50 25 0 2
3 76 26 227 50 25 0 1
3 76 26 228 50 25 0 2
3 76 26 229 50 25 0 1
3 76 26 230 50 25 0 2
3 76 26 231 50 25 0 3
3 76 26 232 50 25 0 3
3 76 27 222 50 25 0 3
3 76 27 223 50 25 0 2
3 76 27 224 50 25 0 2
3 76 27 225 50 25 0 1
3 76 27 226 50 25 0 2
0 76 27 227 
3 76 27 228 50 25 0 1
3 76 27 229 50 25 0 2
3 76 27 230 50 25 0 2
3 76 27 231 50 25 0 2
3 76 27 232 50 25 0 3
3 76 27 233 50 25 0 3
3 76 28 221 92 100 104 3
3 76 28 222 92 100 104 3
3 76 28 223 92 100 104 2
3 76 28 224 85 93 97 1
3 76 28 225 90 98 102 2
3 76 28 226 78 86 90 1
3 76 28 227 75 83 87 1
0 76 28 228 
0 76 28 229 
3 76 28 231 82 90 93 3
3 76 28 232 78 86 89 3
3 76 28 233 80 88 91 3
3 77 24 225 50 25 0 3
3 77 24 226 50 25 0 3
3 77 24 228 50 25 0 3
3 77 24 229 50 25 0 3
3 77 25 225 50 25 0 3
3 77 25 226 50 25 0 3
3 77 25 227 50 25 0 3
3 77 25 228 50 25 0 3
3 77 25 229 50 25 0 3
3 77 25 230 50 25 0 3
3 77 26 223 50 25 0 3
3 77 26 224 50 25 0 3
3 77 26 225 50 25 0 2
3 77 26 226 50 25 0 2
3 77 26 227 50 25 0 2
3 77 26 228 50 25 0 2
3 77 26 229 50 25 0 2
3 77 26 230 50 25 0 3
3 77 26 231 50 25 0 3
3 77 27 222 50 25 0 3
3 77 27 223 50 25 0 3
3 77 27 224 50 25 0 2
3 77 27 225 50 25 0 3
3 77 27 226 50 25 0 2
3 77 27 227 50 25 0 1
3 77 27 228 50 25 0 2
3 77 27 229 50 25 0 2
3 77 27 230 50 25 0 3
3 77 27 231 50 25 0 3
3 77 27 232 50 25 0 3
3 77 28 222 89 97 101 3
3 77 28 223 89 97 101 3
3 77 28 224 89 97 101 3
3 77 28 225 89 97 101 2
3 77 28 226 84 92 96 1
3 77 28 227 83 91 95 1
3 77 28 229 89 97 101 2
3 77 28 231 89 97 101 3
3 77 28 232 82 90 94 3
3 78 25 226 50 25 0 3
3 78 25 229 50 25 0 3
3 78 26 224 50 25 0 3
3 78 26 225 50 25 0 3
3 78 26 226 50 25 0 3
3 78 26 227 50 25 0 3
3 78 26 228 50 25 0 3
3 78 26 229 50 25 0 3
3 78 26 230 50 25 0 3
3 78 27 223 50 25 0 3
3 78 27 224 50 25 0 3
3 78 27 225 50 25 0 3
3 78 27 226 50 25 0 3
3 78 27 227 50 25 0 3
3 78 27 228 50 25 0 3
3 78 27 229 50 25 0 3
3 78 27 230 50 25 0 3
3 78 27 231 50 25 0 3
3 78 28 223 84 92 96 3
3 78 28 224 84 92 96 3
3 78 28 225 84 92 96 3
3 78 28 226 84 92 96 3
3 78 28 227 84 92 96 2
3 78 28 228 84 92 96 2
3 79 27 226 50 25 0 3
3 79 27 227 50 25 0 3
3 79 27 228 50 25 0 3
3 79 28 225 83 90 94 3
3 79 28 227 83 90 94 3
3 79 28 228 83 90 94 3
