3 65 28 229 50 25 0 3
3 65 28 231 50 25 0 3
3 65 29 231 65 66 65 3
3 65 29 232 65 66 65 3
3 66 26 230 50 25 0 3
3 66 26 231 50 25 0 3
3 66 27 230 50 25 0 3
3 66 27 231 50 25 0 3
3 66 27 232 50 25 0 3
3 66 28 230 62 69 73 3
3 66 28 231 62 69 73 3
3 66 28 232 62 69 73 3
3 67 27 229 50 25 0 3
3 67 27 230 50 25 0 3
3 67 27 231 50 25 0 3
3 67 28 230 187 154 17 3
3 67 28 231 187 154 17 2
3 67 28 232 187 154 17 3
3 67 28 233 187 154 17 3
3 68 26 232 50 25 0 3
3 68 27 230 50 25 0 3
3 68 27 231 50 25 0 3
3 68 27 232 50 25 0 3
3 68 28 228 76 83 87 3
3 68 28 229 76 83 87 3
3 68 28 230 76 83 87 2
3 68 28 231 76 83 87 2
3 68 28 232 70 77 81 2
3 68 28 233 70 77 81 3
3 69 26 232 50 25 0 3
3 69 27 228 50 25 0 3
3 69 27 229 50 25 0 3
3 69 27 230 50 25 0 3
3 69 27 231 50 25 0 3
3 69 27 232 50 25 0 3
3 69 28 229 217 182 20 3
3 69 28 230 217 182 20 2
3 69 28 231 217 182 20 2
3 69 28 232 203 172 26 3
3 69 28 233 201 169 19 3
3 70 27 229 50 25 0 3
3 70 27 231 50 25 0 3
3 70 27 232 50 25 0 3
3 70 28 230 82 89 93 3
3 70 28 231 78 85 89 3
3 70 28 232 75 82 86 3
3 70 28 233 70 77 81 3
3 71 28 233 70 77 80 3
